501.855125 771.875281 502.014178 783.123032 3.749625 
578.001486 655.597549 580.825365 642.891718 3.524926 
517.703546 781.916795 518.335671 769.385627 2.559800 
576.161592 771.876705 576.125837 783.126592 2.527797 
493.146699 541.139087 483.120580 541.029538 3.777091 
586.500708 158.026308 583.175242 170.638248 3.439604 
591.079665 421.987718 594.288684 409.043707 3.349141 
746.427774 406.417803 742.865504 419.641821 3.157776 
482.386262 540.414581 487.559486 525.429767 5.092017 
550.713039 781.877811 550.728808 774.372592 2.515752 
119.479313 490.644782 119.698902 475.611473 2.682299 
493.830903 40.645319 494.191445 28.119716 3.892310 
581.595997 783.133423 581.293242 773.104826 1.835573 
351.869117 282.378741 466.879169 282.039809 4.074150 
668.988853 531.772833 665.961729 543.214092 3.126758 
486.417947 165.499338 490.427886 150.914479 3.495596 
490.809376 784.402767 490.482192 771.846150 2.759631 
326.910668 270.609580 318.095799 270.864245 3.892828 
482.498838 39.472970 481.263812 31.579474 4.091377 
559.567508 781.908931 559.774598 773.104997 2.705072 
331.907131 251.848822 331.610558 265.646184 2.741184 
494.014104 150.519210 489.569424 165.681992 4.012474 
498.682009 783.046647 497.623219 775.519750 3.172108 
568.631404 781.935836 567.810396 771.900739 2.899381 
676.536382 531.788596 673.388962 544.123397 3.633575 
525.201690 785.349567 521.578180 774.473893 2.767498 
547.356417 150.358202 542.946218 163.062939 2.820546 
626.513953 640.104863 622.269228 653.252279 3.221959 
643.286216 540.663195 645.381920 531.817411 3.360823 
639.544531 406.564736 635.847624 419.438928 3.770776 
535.885878 769.188927 535.074025 784.412279 4.926338 
590.574001 291.861487 594.224371 278.085087 3.377104 
554.329682 284.360010 551.101710 294.119226 3.560300 
592.548856 770.078975 587.918949 785.563390 3.234741 
225.106041 406.126329 471.145576 646.372015 5.524784 
740.020430 420.767542 742.827034 408.059195 3.107533 
662.898329 543.399962 666.054270 531.654475 2.828995 
94.647798 404.631909 469.502413 35.774809 6.393733 
484.947178 30.560124 485.958426 39.478925 3.188221 
98.759025 408.727669 156.849893 465.624399 5.034144 
187.191115 400.827795 193.558180 390.902896 4.804039 
220.922414 410.970490 160.643583 469.432995 5.334780 
467.050670 530.416291 282.484473 350.030370 5.508496 
579.835838 169.898630 583.519492 157.863158 3.683580 
639.254889 276.446999 635.608475 288.119838 3.654402 
670.168829 543.361538 673.655373 531.660572 3.109808 
470.764999 780.452799 28.255284 347.962738 5.785425 
194.377795 391.878809 203.046895 385.518542 4.031376 
281.477180 350.238027 225.498647 405.512950 4.581436 
729.001894 284.241614 725.944935 292.792500 3.616473 
32.590042 344.930529 94.324723 404.379142 5.469227 
469.681373 43.416323 98.622376 408.650245 6.161822 
466.658381 409.560634 343.019548 289.521094 5.651290 
467.076921 650.388458 221.114107 410.154036 5.345887 
285.813073 345.402266 469.880399 525.137547 5.482054 
350.024295 288.704369 469.454015 404.334464 5.514950 
616.590722 770.569381 616.225407 780.646765 3.258391 
206.473614 388.716066 193.112695 396.854799 4.687393 
466.876324 287.690999 351.874599 287.877652 3.910270 
266.934046 338.016914 260.507325 338.349224 4.003190 
343.217178 289.477713 286.748153 345.506968 4.491942 
160.734290 469.235924 470.960311 772.809732 5.865549 
527.556251 779.175815 531.338864 768.375006 3.327395 
156.287210 466.280804 465.444803 160.456463 5.858938 
673.524021 282.870354 668.993413 298.010814 3.715090 
316.936569 266.596502 329.137377 250.124885 4.799148 
510.534177 531.825405 502.502000 546.534806 3.392332 
192.954312 377.634761 200.747154 376.870413 3.610072 
585.991059 783.217215 589.768039 768.224011 3.331041 
667.226490 294.102313 669.868899 285.395532 3.481290 
469.428941 164.416754 350.692290 281.955713 5.249468 
606.637552 779.203994 614.107077 768.832274 3.610648 
648.835811 530.475867 644.715332 545.373397 3.281075 
592.633953 779.940677 601.149343 768.515813 3.753721 
694.325360 644.484645 701.906529 644.761431 3.304930 
123.732547 468.121245 123.687895 490.626117 3.789675 
576.196479 43.163956 575.544483 31.807856 3.069083 
485.609629 149.085975 498.146409 149.286498 2.599634 
561.512748 39.420635 560.543632 31.727780 2.480396 
660.661365 540.519098 653.099754 540.316295 3.291217 
516.325492 40.694363 515.179504 31.615664 3.720477 
259.314406 312.474281 266.886409 312.232888 3.708267 
510.564460 645.941315 518.149756 646.234495 3.940313 
204.383390 402.614421 189.356957 402.784929 3.905773 
506.890602 293.770843 499.394977 293.951925 3.779095 
553.995738 770.584312 553.651012 784.388136 2.780082 
500.546064 412.579049 508.196107 412.242812 3.691496 
494.433602 769.223570 493.646878 781.907370 3.665424 
194.292558 398.981753 204.455116 398.471899 3.745289 
